% XY-coordinates for measurement locations

% in pixels referring to 'floorplan.png'
x_px = [145, 897, 953, 1178, 1356, 1519, 1500, 1832, 1794, 1470, ...
        1691, 1858, 2026, 2110, 2050, 2050, 2109, 2111, 2054, 2055, ...
        2105, 2109, 2054, 1773, 1932, 1924, 1770, 2101, 2101, 2205, ...
        2278, 2527, 3358, 4184, 4042, 4048, 4975, 5779, 6595, 7429, ...
        8006, 8065, 8350, 7562, 7567, 7304, 7247, 7806, 8450, 8718];
    
y_px = [1916, 2243, 2391, 2195, 2195, 2195, 1882, 1849, 2051, 2061, ...
        2193, 2193, 2193, 1180, 1178, 1249, 1249, 1311, 1312, 1379, ...
        1377, 1438, 1442, 1421, 1441, 1202, 1212, 1717, 1987, 1877, ...
        2193, 2197, 2190, 2214, 1725, 1223, 2223, 2205, 2200, 2197, ...
        2201, 1387, 2176, 2734, 3130, 4196, 3696, 3201, 3017, 3482];

% offset of antenna position relative to measurement cart
% depends on measurement cart orientation relative to measurement location
% antennas are located in a line 20-60 cm distance from marked distance 
x_px_offset = [0, -24, 0, 0, 0, 0, 34, 34, 34, 0, ...
               0, 0, 0, 34, 34, 34, 34, 34, 34, 34, ...
               34, 34, 34, 0, 0, 0, 34, 0, 0, 34, ...
               0, 0, 0, 0, 34, 34, 0, 0, 0, 0, ...
               0, 34, 0, 34, 0, 0, -34, 0, 34, 0];
y_px_offset = [-34, -24, 34, 34, 34, 34, 0, 0, 0, -34, ...
               34, 34, 34, 0, 0, 0, 0, 0, 0, 0, ...
               0, 0, 0, 34, 34, -34, 0, -34, -34, 0, ...
               34, 34, 34, 34, 0, 0, 34, 34, 34, 34, ...
               34, 0, 34, 0, 34, 34, 0, 34, 0, 34];

% offset due to wrong measuring device zero reference position
x_px_offset_meas = [0, -9, -9, -9, -9, -9, -9, -9, 9, -9, ...
               -9, -9, -9, -9, -9, -9, -9, -9, -9, -9, ...
               -9, -9, -9, -9, 9, 9, -9, -9, -9, 9, ...
               -9, -9, -9, -9, 9, 9, -9, 9, 9, 9, ...
               9, -9, 9, -9, 9, -9, 9, -9, 9, -9]; 
y_px_offset_meas = [-9, -9, 9, 9, 9, 9, -9, -9, -9, -9, ...
               9, 9, 9, -9, -9, -9, -9, -9, -9, -9, ...
               -9, -9, -9, -9, -9, -9, -9, -9, -9, -9, ...
               9, 9, 9, -9, -9, -9, -9, 9, 9, 9, ...
               9, 9, 9, -9, -9, -9, 9, -9, 9, -9];
% in meters 
x_m = (x_px+x_px_offset+x_px_offset_meas) / px_per_m - XOffset;
y_m = (YWidth - y_px-y_px_offset-y_px_offset_meas) / px_per_m - YOffset;

% same for TX location
x_TX_px = 1219;
y_TX_px = -1305;
x_TX_m = x_TX_px / px_per_m - XOffset;
y_TX_m = (YWidth - y_TX_px) / px_per_m - YOffset;